time.min = { 0 } second
time.max = { 10 } second
time.ct = { 21 } dimensionless
time.delta = { .5 } second
default_compartment = { 1 } L
compartment_ = { 1 } dimensionless
k2 = { 1 } dimensionless
k1 = { 1 } dimensionless
time = { 0 .5 1 1.5 2 2.5 3 3.5 4 4.5 5 5.5 6 6.5 7 7.5 8 8.5 9 9.5 10 } second
reaction1(time) = { (0,.5) (.5,.30326533) (1,.18393972) (1.5,.11156508) (2,.06766765) (2.5,.0410425) (3,.02489354) (3.5,.01509869) (4,.00915782) (4.5,.0055545) (5,.00336898) (5.5,.00204339) (6,.00123938) (6.5,7.5172059E-4) (7,4.5594199E-4) (7.5,2.7654326E-4) (8,1.6773237E-4) (8.5,1.0173503E-4) (9,6.170552E-5) (9.5,3.7426341E-5) (10,2.2700248E-5) } dimensionless
S2(time) = { (0,.5) (.5,.30326533) (1,.18393972) (1.5,.11156508) (2,.06766765) (2.5,.0410425) (3,.02489354) (3.5,.01509869) (4,.00915782) (4.5,.0055545) (5,.00336898) (5.5,.00204339) (6,.00123938) (6.5,7.5172059E-4) (7,4.5594199E-4) (7.5,2.7654326E-4) (8,1.6773237E-4) (8.5,1.0173503E-4) (9,6.170552E-5) (9.5,3.7426341E-5) (10,2.2700248E-5) } dimensionless
S1(time) = { (0,.5) (.5,.69673467) (1,.81606028) (1.5,.88843492) (2,.93233235) (2.5,.9589575) (3,.97510646) (3.5,.98490131) (4,.99084218) (4.5,.9944455) (5,.99663102) (5.5,.99795661) (6,.99876062) (6.5,.99924828) (7,.99954406) (7.5,.99972346) (8,.99983227) (8.5,.99989826) (9,.99993829) (9.5,.99996257) (10,.9999773) } dimensionless
S1:time(time) = { (0,.5) (.5,.30326533) (1,.18393972) (1.5,.11156508) (2,.06766765) (2.5,.0410425) (3,.02489354) (3.5,.01509869) (4,.00915782) (4.5,.0055545) (5,.00336898) (5.5,.00204339) (6,.00123938) (6.5,7.5172059E-4) (7,4.5594199E-4) (7.5,2.7654326E-4) (8,1.6773237E-4) (8.5,1.0173503E-4) (9,6.170552E-5) (9.5,3.7426341E-5) (10,2.2700248E-5) } dimensionless
