t.min = { 0 } sec
t.max = { 10 } sec
t.ct = { 11 } dimensionless
t.delta = { 1 } sec
C.vol = { 10 } liter
Vmax = { 5 } mole/(liter*sec)
Km = { 1 } mole/liter
C.A__init = { 1 } mM
C.B__init = { 3 } mM
t = { 0 1 2 3 4 5 6 7 8 9 10 } sec
C.A(t) = { (0,1) (1,.00674466) (2,4.54568E-5) (3,3.0926375E-7) (4,3.7900713E-9) (5,3.777503E-10) (6,5.1845898E-11) (7,3.5225604E-10) (8,5.3667689E-11) (9,3.3776956E-10) (10,5.491649E-11) } mM
C.B(t) = { (0,3) (1,4.9865107) (2,4.9999091) (3,4.9999994) (4,5) (5,5) (6,5) (7,5) (8,5) (9,5) (10,5) } mM
R.flux(t) = { (0,4.995005E1) (1,.33723069) (2,.00227284) (3,1.5463187E-5) (4,1.8950357E-7) (5,1.8887515E-8) (6,2.5922949E-9) (7,1.7612802E-8) (8,2.6833844E-9) (9,1.6888478E-8) (10,2.7458245E-9) } mmol/sec
C.A:t(t) = { (0,-4.995005) (1,-0.03372307) (2,-2.2728399E-4) (3,-1.5463187E-6) (4,-1.8950357E-8) (5,-1.8887515E-9) (6,-2.5922949E-10) (7,-1.7612802E-9) (8,-2.6833844E-10) (9,-1.6888478E-9) (10,-2.7458245E-10) } mM/sec
C.B:t(t) = { (0,9.99001) (1,.06744614) (2,4.5456798E-4) (3,3.0926375E-6) (4,3.7900713E-8) (5,3.777503E-9) (6,5.1845898E-10) (7,3.5225604E-9) (8,5.3667689E-10) (9,3.3776956E-9) (10,5.491649E-10) } mM/sec
