t.min = { 0 } dimensionless
t.max = { .1 } dimensionless
t.ct = { 11 } dimensionless
t.delta = { .01 } dimensionless
A = { 1 } dimensionless
C__init = { 1 } dimensionless
t = { 0 .01 .02 .03 .04 .05 .06 .07 .08 .09 .1 } dimensionless
B(t) = { (0,1) (.01,1) (.02,1) (.03,1) (.04,1) (.05,1) (.06,1) (.07,1) (.08,1) (.09,1) (.1,1) } dimensionless
C(t) = { (0,1) (.01,.99001252) (.02,.98007509) (.03,.97018773) (.04,.96035044) (.05,.95056321) (.06,.94082604) (.07,.93113894) (.08,.9215019) (.09,.91191493) (.1,.90237802) } dimensionless
D(t) = { (0,1) (.01,.9949939) (.02,.98998779) (.03,.98498108) (.04,.97997437) (.05,.97496826) (.06,.96996216) (.07,.96495544) (.08,.95994873) (.09,.95494263) (.1,.9499353) } dimensionless
C:t(t) = { (0,-1) (.01,-0.9949939) (.02,-0.98998779) (.03,-0.98498108) (.04,-0.97997437) (.05,-0.97496826) (.06,-0.96996216) (.07,-0.96495544) (.08,-0.95994873) (.09,-0.95494263) (.1,-0.9499353) } dimensionless
