t.min = { 0 } dimensionless
t.max = { 3 } dimensionless
t.ct = { 13 } dimensionless
t.delta = { .25 } dimensionless
u__init = { 1 } dimensionless
t = { 0 .25 .5 .75 1 1.25 1.5 1.75 2 2.25 2.5 2.75 3 } dimensionless
u(t) = { (0,1) (.25,.765625) (.5,.58618164) (.75,.44879532) (1,.34360892) (1.25,.26307558) (1.5,.20141724) (1.75,.15421007) (2,.11806709) (2.25,.09039511) (2.5,.06920876) (2.75,.05298796) (3,.0405689) } dimensionless
uexact(t) = { (0,1) (.25,.77880078) (.5,.60653066) (.75,.47236655) (1,.36787944) (1.25,.2865048) (1.5,.22313016) (1.75,.17377394) (2,.13533528) (2.25,.10539922) (2.5,.082085) (2.75,.06392786) (3,.04978707) } dimensionless
u:t(t) = { (0,-1) (.25,-0.765625) (.5,-0.58618164) (.75,-0.44879532) (1,-0.34360892) (1.25,-0.26307558) (1.5,-0.20141724) (1.75,-0.15421007) (2,-0.11806709) (2.25,-0.09039511) (2.5,-0.06920876) (2.75,-0.05298796) (3,-0.0405689) } dimensionless
