t.min = { 0 } sec
t.max = { 10 } sec
t.ct = { 11 } dimensionless
t.delta = { 1 } sec
C1.vol = { 10 } liter
C2.vol = { 5 } liter
t0 = { 1 } sec
R = { 1 } mole/sec
C1.A__init = { 0 } mM
C2.A__init = { 1 } mM
t = { 0 1 2 3 4 5 6 7 8 9 10 } sec
C1.A(t) = { (0,0) (1,63.21205595) (2,86.46647182) (3,95.02129339) (4,98.16843638) (5,99.32620561) (6,99.75212511) (7,99.90881214) (8,99.96645409) (9,99.98765938) (10,9.999546E1) } mM
C2.A(t) = { (0,1) (1,-4.4796539E-6) (2,-4.4796539E-6) (3,-4.4796539E-6) (4,-4.4796539E-6) (5,-4.4796539E-6) (6,-4.4796539E-6) (7,-4.4796539E-6) (8,-4.4796539E-6) (9,-4.4796539E-6) (10,-4.4796539E-6) } mM
Q1.flux(t) = { (0,1E3) (1,3.6787944E2) (2,1.3533528E2) (3,49.78706837) (4,18.31563889) (5,6.737947) (6,2.4787522) (7,.91188197) (8,.33546263) (9,.1234098) (10,.04539993) } mmol/sec
Q2.flux(t) = { (0,1E3) (1,3.6787944E2) (2,1.3533528E2) (3,49.78706837) (4,18.31563889) (5,6.737947) (6,2.4787522) (7,.91188197) (8,.33546263) (9,.1234098) (10,.04539993) } mmol/sec
C1.A:t(t) = { (0,100) (1,36.78794412) (2,13.53352832) (3,4.9787068) (4,1.8315639) (5,.6737947) (6,.24787522) (7,.0911882) (8,.03354626) (9,.01234098) (10,.00453999) } mM/sec
C2.A:t(t) = { (0,-200) (1,0) (2,0) (3,0) (4,0) (5,0) (6,0) (7,0) (8,0) (9,0) (10,0) } mM/sec
