t.min = { 0 } sec
t.max = { 10 } sec
t.ct = { 11 } dimensionless
t.delta = { 1 } sec
C1.vol = { 10 } liter
C2.vol = { 5 } liter
C1.A__init = { 0 } mM
C2.A__init = { 0 } mM
t = { 0 1 2 3 4 5 6 7 8 9 10 } sec
C1.A(t) = { (0,0) (1,95.46464214) (2,1.8346537E2) (3,2.659367E2) (4,3.4431175E2) (5,4.196522E2) (6,4.9274457E2) (7,5.6417151E2) (8,6.3436467E2) (9,7.0364383E2) (10,7.7224588E2) } mM
C2.A(t) = { (0,0) (1,9.0707157) (2,33.0692525) (3,68.12659111) (4,1.1137649E2) (5,1.6069559E2) (6,2.1451086E2) (7,2.7165698E2) (8,3.3127066E2) (9,3.9271234E2) (10,4.5550824E2) } mM
Q.flux(t) = { (0,1E3) (1,1E3) (2,1E3) (3,1E3) (4,1E3) (5,1E3) (6,1E3) (7,1E3) (8,1E3) (9,1E3) (10,1E3) } mmol/sec
T.PS(t) = { (0,1) (1,1) (2,1) (3,1) (4,1) (5,1) (6,1) (7,1) (8,1) (9,1) (10,1) } liter/sec
C1.A:t(t) = { (0,100) (1,91.36060736) (2,84.96038787) (3,80.21898867) (4,76.70647375) (5,74.1043387) (6,7.217663E1) (7,70.74854764) (8,69.69059847) (9,6.890685E1) (10,68.32623565) } mM/sec
C2.A:t(t) = { (0,0) (1,17.27878529) (2,30.07922425) (3,39.56202267) (4,46.58705251) (5,51.7913226) (6,55.64674073) (7,58.50290472) (8,60.61880305) (9,62.18629908) (10,63.3475287) } mM/sec
