Vcgs = { 1 } cm^.5*g^.5/s
Vsi = { 299.792458 } volt
Vcgs_inv = { 1 } 1/(cm^.5*g^.5/s)
Acgs = { 1 } cm^1.5*g^.5/s^2
Asi = { 3.335641E-10 } amp
Asi_inv = { 2.9979246E9 } 1/amp
Ccgs = { 1 } cm^1.5*g^.5/s
Csi = { 3.335641E-10 } coulomb
Csi_inv = { 2.9979246E9 } 1/coulomb
Fcgs = { 1 } cm
Fsi = { 1.1126501E-12 } farad
Fsi_inv = { 8.9875518E11 } 1/farad
Rcgs = { 1 } s/cm
Rsi = { 8.9875518E11 } ohm
Rsi_inv = { 1.1126501E-12 } 1/ohm
Scgs = { 1 } cm/s
Ssi = { 1.1126501E-12 } siemens
Ssi_inv = { 8.9875518E11 } 1/siemens
Hcgs = { 1 } s^2/cm
Hsi = { 8.9875518E11 } henry
Hcgs_inv = { 1 } 1/(s^2/cm)
