time.min = { 0 } second
time.max = { 10 } second
time.ct = { 21 } dimensionless
time.delta = { .5 } second
default_compartment = { 1 } L
compartment_ = { 1 } dimensionless
k1 = { 1 } dimensionless
S2__init = { 0 } dimensionless
time = { 0 .5 1 1.5 2 2.5 3 3.5 4 4.5 5 5.5 6 6.5 7 7.5 8 8.5 9 9.5 10 } second
reaction1(time) = { (0,.015) (.5,.00909796) (1,.00551819) (1.5,.00334695) (2,.00203003) (2.5,.00123128) (3,7.4680642E-4) (3.5,4.5296108E-4) (4,2.7473488E-4) (4.5,1.6663525E-4) (5,1.0106952E-4) (5.5,6.1301932E-5) (6,3.718159E-5) (6.5,2.2551819E-5) (7,1.3678393E-5) (7.5,8.2963759E-6) (8,5.0320117E-6) (8.5,3.0520719E-6) (9,1.8511763E-6) (9.5,1.1227956E-6) (10,6.8101019E-7) } dimensionless
S1(time) = { (0,.015) (.5,.00909796) (1,.00551819) (1.5,.00334695) (2,.00203003) (2.5,.00123128) (3,7.4680642E-4) (3.5,4.5296108E-4) (4,2.7473488E-4) (4.5,1.6663525E-4) (5,1.0106952E-4) (5.5,6.1301932E-5) (6,3.718159E-5) (6.5,2.2551819E-5) (7,1.3678393E-5) (7.5,8.2963759E-6) (8,5.0320117E-6) (8.5,3.0520719E-6) (9,1.8511763E-6) (9.5,1.1227956E-6) (10,6.8101019E-7) } dimensionless
S2(time) = { (0,0) (.5,.01180408) (1,.01896362) (1.5,.02330609) (2,.02593994) (2.5,.02753745) (3,.02850639) (3.5,.02909408) (4,.02945053) (4.5,.02966673) (5,.02979786) (5.5,.0298774) (6,.02992564) (6.5,.0299549) (7,.02997264) (7.5,.02998341) (8,.02998994) (8.5,.0299939) (9,.0299963) (9.5,.02999775) (10,.02999864) } dimensionless
S1:time(time) = { (0,-0.015) (.5,-0.00909796) (1,-0.00551819) (1.5,-0.00334695) (2,-0.00203003) (2.5,-0.00123128) (3,-7.4680642E-4) (3.5,-4.5296108E-4) (4,-2.7473488E-4) (4.5,-1.6663525E-4) (5,-1.0106952E-4) (5.5,-6.1301932E-5) (6,-3.718159E-5) (6.5,-2.2551819E-5) (7,-1.3678393E-5) (7.5,-8.2963759E-6) (8,-5.0320117E-6) (8.5,-3.0520719E-6) (9,-1.8511763E-6) (9.5,-1.1227956E-6) (10,-6.8101019E-7) } dimensionless
S2:time(time) = { (0,.03) (.5,.01819592) (1,.01103638) (1.5,.00669391) (2,.00406006) (2.5,.00246255) (3,.00149361) (3.5,9.0592216E-4) (4,5.4946977E-4) (4.5,3.332705E-4) (5,2.0213905E-4) (5.5,1.2260386E-4) (6,7.4363179E-5) (6.5,4.5103639E-5) (7,2.7356786E-5) (7.5,1.6592752E-5) (8,1.0064023E-5) (8.5,6.1041437E-6) (9,3.7023525E-6) (9.5,2.2455913E-6) (10,1.3620204E-6) } dimensionless
