time.min = { 0 } second
time.max = { 10 } second
time.ct = { 21 } dimensionless
time.delta = { .5 } second
default_compartment = { 1 } L
compartment_ = { 1 } dimensionless
k2 = { .25 } dimensionless
k1 = { .5 } dimensionless
time = { 0 .5 1 1.5 2 2.5 3 3.5 4 4.5 5 5.5 6 6.5 7 7.5 8 8.5 9 9.5 10 } second
reaction2(time) = { (0,.00375) (.5,.00419064) (1,.0045795) (1.5,.00492267) (2,.00522551) (2.5,.00549277) (3,.00572863) (3.5,.00593677) (4,.00612045) (4.5,.00628255) (5,.00642561) (5.5,.00655185) (6,.00666326) (6.5,.00676158) (7,.00684835) (7.5,.00692492) (8,.00699249) (8.5,.00705213) (9,.00710475) (9.5,.0071512) (10,.00719218) } dimensionless
S2(time) = { (0,.015) (.5,.01676255) (1,.01831799) (1.5,.01969066) (2,.02090204) (2.5,.02197108) (3,.0229145) (3.5,.02374707) (4,.02448181) (4.5,.02513021) (5,.02570243) (5.5,.02620741) (6,.02665305) (6.5,.02704632) (7,.02739339) (7.5,.02769968) (8,.02796997) (8.5,.02820851) (9,.02841901) (9.5,.02860478) (10,.02876873) } dimensionless
reaction1(time) = { (0,.0075) (.5,.0075) (1,.0075) (1.5,.0075) (2,.0075) (2.5,.0075) (3,.0075) (3.5,.0075) (4,.0075) (4.5,.0075) (5,.0075) (5.5,.0075) (6,.0075) (6.5,.0075) (7,.0075) (7.5,.0075) (8,.0075) (8.5,.0075) (9,.0075) (9.5,.0075) (10,.0075) } dimensionless
S1(time) = { (0,.015) (.5,.015) (1,.015) (1.5,.015) (2,.015) (2.5,.015) (3,.015) (3.5,.015) (4,.015) (4.5,.015) (5,.015) (5.5,.015) (6,.015) (6.5,.015) (7,.015) (7.5,.015) (8,.015) (8.5,.015) (9,.015) (9.5,.015) (10,.015) } dimensionless
S2:time(time) = { (0,.00375) (.5,.00330936) (1,.0029205) (1.5,.00257733) (2,.00227449) (2.5,.00200723) (3,.00177137) (3.5,.00156323) (4,.00137955) (4.5,.00121745) (5,.00107439) (5.5,9.4814849E-4) (6,8.3673811E-4) (6.5,7.3841879E-4) (7,6.5165229E-4) (7.5,5.7508113E-4) (8,5.0750732E-4) (8.5,4.4787364E-4) (9,3.952471E-4) (9.5,3.4880434E-4) (10,3.0781875E-4) } dimensionless
