time.min = { 0 } second
time.max = { 10 } second
time.ct = { 21 } dimensionless
time.delta = { .5 } second
default_compartment = { 1 } L
compartment_ = { .3 } dimensionless
k2 = { 180 } dimensionless
k1 = { .35 } dimensionless
S2__init = { 0 } dimensionless
time = { 0 .5 1 1.5 2 2.5 3 3.5 4 4.5 5 5.5 6 6.5 7 7.5 8 8.5 9 9.5 10 } second
reaction2(time) = { (0,0) (.5,1.3654489E-6) (1,4.3961601E-6) (1.5,7.8461433E-6) (2,1.1004993E-5) (2.5,1.3588125E-5) (3,1.5562248E-5) (3.5,1.7007522E-5) (4,1.80364E-5) (4.5,1.8755415E-5) (5,1.9251732E-5) (5.5,1.9591514E-5) (6,1.982285E-5) (6.5,1.9979768E-5) (7,2.0085943E-5) (7.5,2.0157664E-5) (8,2.0206056E-5) (8.5,2.0238683E-5) (9,2.0260669E-5) (9.5,2.0275481E-5) (10,2.0285456E-5) } dimensionless
S2(time) = { (0,0) (.5,1.5901601E-4) (1,2.8532503E-4) (1.5,3.8118099E-4) (2,4.5143789E-4) (2.5,5.0162929E-4) (3,5.3683311E-4) (3.5,5.6120773E-4) (4,5.7793374E-4) (4.5,5.8934074E-4) (5,5.9708756E-4) (5.5,6.0233364E-4) (6,6.0587937E-4) (6.5,6.0827272E-4) (7,6.098868E-4) (7.5,6.1097469E-4) (8,6.1170763E-4) (8.5,6.1220129E-4) (9,6.1253374E-4) (9.5,6.1275759E-4) (10,6.129083E-4) } dimensionless
reaction1(time) = { (0,5.25E-5) (.5,4.415166E-5) (1,3.7520436E-5) (1.5,3.2487998E-5) (2,2.8799511E-5) (2.5,2.6164462E-5) (3,2.4316262E-5) (3.5,2.3036594E-5) (4,2.2158479E-5) (4.5,2.1559611E-5) (5,2.1152903E-5) (5.5,2.0877484E-5) (6,2.0691333E-5) (6.5,2.0565682E-5) (7,2.0480943E-5) (7.5,2.0423829E-5) (8,2.038535E-5) (8.5,2.0359432E-5) (9,2.0341979E-5) (9.5,2.0330227E-5) (10,2.0322314E-5) } dimensionless
S1(time) = { (0,5E-4) (.5,4.20492E-4) (1,3.5733748E-4) (1.5,3.094095E-4) (2,2.7428105E-4) (2.5,2.4918535E-4) (3,2.3158345E-4) (3.5,2.1939614E-4) (4,2.1103313E-4) (4.5,2.0532963E-4) (5,2.0145622E-4) (5.5,1.9883318E-4) (6,1.9706032E-4) (6.5,1.9586364E-4) (7,1.950566E-4) (7.5,1.9451266E-4) (8,1.9414619E-4) (8.5,1.9389935E-4) (9,1.9373313E-4) (9.5,1.9362121E-4) (10,1.9354585E-4) } dimensionless
S2:time(time) = { (0,3.5E-4) (.5,2.8524141E-4) (1,2.2082851E-4) (1.5,1.6427903E-4) (2,1.1863012E-4) (2.5,8.3842247E-5) (3,5.836009E-5) (3.5,4.0193815E-5) (4,2.7480525E-5) (4.5,1.8694641E-5) (5,1.2674473E-5) (5.5,8.5731303E-6) (6,5.7898889E-6) (6.5,3.9060931E-6) (7,2.6333321E-6) (7.5,1.7744352E-6) (8,1.1952923E-6) (8.5,8.0499544E-7) (9,5.4206202E-7) (9.5,3.6497373E-7) (10,2.4572274E-7) } dimensionless
S1:time(time) = { (0,-1.75E-4) (.5,-1.426207E-4) (1,-1.1041425E-4) (1.5,-8.2139515E-5) (2,-5.9315058E-5) (2.5,-4.1921124E-5) (3,-2.9180045E-5) (3.5,-2.0096907E-5) (4,-1.3740263E-5) (4.5,-9.3473205E-6) (5,-6.3372363E-6) (5.5,-4.2865652E-6) (6,-2.8949444E-6) (6.5,-1.9530465E-6) (7,-1.316666E-6) (7.5,-8.8721758E-7) (8,-5.9764613E-7) (8.5,-4.0249772E-7) (9,-2.7103101E-7) (9.5,-1.8248687E-7) (10,-1.2286137E-7) } dimensionless
