time.min = { 0 } second
time.max = { 10 } second
time.ct = { 21 } dimensionless
time.delta = { .5 } second
default_compartment = { 1 } L
compartment_ = { .3 } dimensionless
k2 = { 180 } dimensionless
k1 = { .35 } dimensionless
S2__init = { 0 } dimensionless
time = { 0 .5 1 1.5 2 2.5 3 3.5 4 4.5 5 5.5 6 6.5 7 7.5 8 8.5 9 9.5 10 } second
reaction2(time) = { (0,0) (.5,2.0271269E-4) (1,1.8300177E-4) (1.5,1.649962E-4) (2,1.4899236E-4) (2.5,1.3474061E-4) (3,1.2169377E-4) (3.5,1.0998377E-4) (4,9.9324236E-5) (4.5,8.9718419E-5) (5,8.0999479E-5) (5.5,7.3126263E-5) (6,6.5990465E-5) (6.5,5.9540056E-5) (7,5.3698196E-5) (7.5,4.8414605E-5) (8,4.3631321E-5) (8.5,3.9303956E-5) (9,3.5387121E-5) (9.5,3.1843123E-5) (10,2.8635661E-5) } dimensionless
S2(time) = { (0,0) (.5,3.7539387E-6) (1,3.3889217E-6) (1.5,3.0554852E-6) (2,2.7591177E-6) (2.5,2.4951965E-6) (3,2.2535883E-6) (3.5,2.0367364E-6) (4,1.8393377E-6) (4.5,1.6614522E-6) (5,1.4999904E-6) (5.5,1.3541901E-6) (6,1.2220457E-6) (6.5,1.1025936E-6) (7,9.9441103E-7) (7.5,8.9656676E-7) (8,8.0798742E-7) (8.5,7.2785103E-7) (9,6.5531706E-7) (9.5,5.8968746E-7) (10,5.3029001E-7) } dimensionless
reaction1(time) = { (0,5.25E-4) (.5,4.7453224E-4) (1,4.2942689E-4) (1.5,3.886095E-4) (2,3.5167119E-4) (2.5,3.1824339E-4) (3,2.8799349E-4) (3.5,2.6061872E-4) (4,2.3584623E-4) (4.5,2.1342837E-4) (5,1.931415E-4) (5.5,1.7478296E-4) (6,1.5816951E-4) (6.5,1.4313523E-4) (7,1.2953005E-4) (7.5,1.1721809E-4) (8,1.0607645E-4) (8.5,9.5993874E-5) (9,8.6869697E-5) (9.5,7.8612816E-5) (10,7.1140792E-5) } dimensionless
S1(time) = { (0,.005) (.5,.00451935) (1,.00408978) (1.5,.00370104) (2,.00334925) (2.5,.00303089) (3,.0027428) (3.5,.00248208) (4,.00224615) (4.5,.00203265) (5,.00183944) (5.5,.0016646) (6,.00150638) (6.5,.00136319) (7,.00123362) (7.5,.00111636) (8,.00101025) (8.5,9.1422737E-4) (9,8.2733045E-4) (9.5,7.4869348E-4) (10,6.7753135E-4) } dimensionless
S2:time(time) = { (0,5.25E-4) (.5,1.5359592E-6) (1,2.4227643E-6) (1.5,3.6183594E-6) (2,4.0223498E-6) (2.5,3.8486406E-6) (3,4.0413683E-6) (3.5,3.9899318E-6) (4,4.0896776E-6) (4.5,4.0853886E-6) (5,4.1427183E-6) (5.5,4.1550096E-6) (6,4.1917571E-6) (6.5,4.2084331E-6) (7,4.2342549E-6) (7.5,4.2506783E-6) (8,4.2700357E-6) (8.5,4.284644E-6) (9,4.2997469E-6) (9.5,4.3121955E-6) (10,4.32425E-6) } dimensionless
S1:time(time) = { (0,-0.00175) (.5,-9.0606516E-4) (1,-8.2141708E-4) (1.5,-7.4537765E-4) (2,-6.7559609E-4) (2.5,-6.1167595E-4) (3,-5.5433242E-4) (3.5,-5.0211651E-4) (4,-4.5507331E-4) (4.5,-4.1236649E-4) (5,-3.7380675E-4) (5.5,-3.3885565E-4) (6,-3.0726348E-4) (6.5,-2.7865058E-4) (7,-2.5277283E-4) (7.5,-2.2934495E-4) (8,-2.0815043E-4) (8.5,-1.8896639E-4) (9,-1.7160858E-4) (9.5,-1.5589898E-4) (10,-1.4168377E-4) } dimensionless
