time.min = { 0 } second
time.max = { 10 } second
time.ct = { 21 } dimensionless
time.delta = { .5 } second
compartment_ = { .534 } dimensionless
k = { 100 } dimensionless
S2__init = { 0 } dimensionless
time = { 0 .5 1 1.5 2 2.5 3 3.5 4 4.5 5 5.5 6 6.5 7 7.5 8 8.5 9 9.5 10 } second
reaction1(time) = { (0,1.5) (.5,2.7604173E-6) (1,1.2454689E-6) (1.5,2.2538175E-6) (2,1.4378676E-6) (2.5,1.9613285E-6) (3,1.5839132E-6) (3.5,1.8351213E-6) (4,1.6583797E-6) (4.5,1.7780885E-6) (5,1.6948514E-6) (5.5,1.7516944E-6) (6,1.7123908E-6) (6.5,1.7393358E-6) (7,1.7207544E-6) (7.5,1.7335166E-6) (8,1.7247268E-6) (8.5,1.7307691E-6) (9,1.72661E-6) (9.5,1.7294702E-6) (10,1.727502E-6) } dimensionless
S1(time) = { (0,.02808989) (.5,5.1693209E-8) (1,2.3323387E-8) (1.5,4.2206321E-8) (2,2.6926359E-8) (2.5,3.6728998E-8) (3,2.9661296E-8) (3.5,3.4365568E-8) (4,3.1055799E-8) (4.5,3.3297537E-8) (5,3.173879E-8) (5.5,3.2803265E-8) (6,3.2067243E-8) (6.5,3.2571832E-8) (7,3.2223866E-8) (7.5,3.2462857E-8) (8,3.2298255E-8) (8.5,3.2411405E-8) (9,3.2333521E-8) (9.5,3.2387082E-8) (10,3.2350225E-8) } dimensionless
S2(time) = { (0,0) (.5,.02808984) (1,.02808986) (1.5,.02808985) (2,.02808986) (2.5,.02808985) (3,.02808986) (3.5,.02808985) (4,.02808986) (4.5,.02808985) (5,.02808986) (5.5,.02808985) (6,.02808986) (6.5,.02808986) (7,.02808986) (7.5,.02808986) (8,.02808986) (8.5,.02808986) (9,.02808986) (9.5,.02808986) (10,.02808986) } dimensionless
S1:time(time) = { (0,-2.8089888) (.5,-5.1693209E-6) (1,-2.3323387E-6) (1.5,-4.2206321E-6) (2,-2.6926359E-6) (2.5,-3.6728998E-6) (3,-2.9661296E-6) (3.5,-3.4365568E-6) (4,-3.1055799E-6) (4.5,-3.3297537E-6) (5,-3.173879E-6) (5.5,-3.2803265E-6) (6,-3.2067243E-6) (6.5,-3.2571832E-6) (7,-3.2223866E-6) (7.5,-3.2462857E-6) (8,-3.2298255E-6) (8.5,-3.2411405E-6) (9,-3.2333521E-6) (9.5,-3.2387082E-6) (10,-3.2350225E-6) } dimensionless
S2:time(time) = { (0,2.8089888) (.5,5.1693209E-6) (1,2.3323387E-6) (1.5,4.2206321E-6) (2,2.6926359E-6) (2.5,3.6728998E-6) (3,2.9661296E-6) (3.5,3.4365568E-6) (4,3.1055799E-6) (4.5,3.3297537E-6) (5,3.173879E-6) (5.5,3.2803265E-6) (6,3.2067243E-6) (6.5,3.2571832E-6) (7,3.2223866E-6) (7.5,3.2462857E-6) (8,3.2298255E-6) (8.5,3.2411405E-6) (9,3.2333521E-6) (9.5,3.2387082E-6) (10,3.2350225E-6) } dimensionless
