time.min = { 0 } second
time.max = { 10 } second
time.ct = { 21 } dimensionless
time.delta = { .5 } second
compartment_ = { 1 } dimensionless
k4 = { .1 } dimensionless
k3 = { .1 } dimensionless
k2 = { .25 } dimensionless
k1 = { .75 } dimensionless
S3__init = { 0 } dimensionless
S4__init = { 0 } dimensionless
time = { 0 .5 1 1.5 2 2.5 3 3.5 4 4.5 5 5.5 6 6.5 7 7.5 8 8.5 9 9.5 10 } second
S2(time) = { (0,.2) (.5,.2) (1,.2) (1.5,.2) (2,.2) (2.5,.2) (3,.2) (3.5,.2) (4,.2) (4.5,.2) (5,.2) (5.5,.2) (6,.2) (6.5,.2) (7,.2) (7.5,.2) (8,.2) (8.5,.2) (9,.2) (9.5,.2) (10,.2) } dimensionless
reaction4(time) = { (0,0) (.5,9.9966676E-6) (1,3.9946727E-5) (1.5,8.9730687E-5) (2,1.5915052E-4) (2.5,2.4793133E-4) (3,3.5572365E-4) (3.5,4.8210638E-4) (4,6.2659018E-4) (4.5,7.8862153E-4) (5,9.675871E-4) (5.5,.00116282) (6,.0013736) (6.5,.00159916) (7,.00183871) (7.5,.00209141) (8,.0023564) (8.5,.00263279) (9,.00291969) (9.5,.00321619) (10,.00352138) } dimensionless
S3(time) = { (0,0) (.5,.00999833) (1,.01998668) (1.5,.02995508) (2,.03989367) (2.5,.0497927) (3,.05964257) (3.5,.06943388) (4,.07915745) (4.5,.08880437) (5,.09836601) (5.5,.10783407) (6,.1172006) (6.5,.126458) (7,.1355991) (7.5,.1446171) (8,.15350564) (8.5,.1622588) (9,.1708711) (9.5,.17933751) (10,.18765346) } dimensionless
S4(time) = { (0,0) (.5,.00999833) (1,.01998668) (1.5,.02995508) (2,.03989367) (2.5,.0497927) (3,.05964257) (3.5,.06943388) (4,.07915745) (4.5,.08880437) (5,.09836601) (5.5,.10783407) (6,.1172006) (6.5,.126458) (7,.1355991) (7.5,.1446171) (8,.15350564) (8.5,.1622588) (9,.1708711) (9.5,.17933751) (10,.18765346) } dimensionless
reaction3(time) = { (0,.02) (.5,.02) (1,.02) (1.5,.02) (2,.02) (2.5,.02) (3,.02) (3.5,.02) (4,.02) (4.5,.02) (5,.02) (5.5,.02) (6,.02) (6.5,.02) (7,.02) (7.5,.02) (8,.02) (8.5,.02) (9,.02) (9.5,.02) (10,.02) } dimensionless
reaction2(time) = { (0,.05) (.5,.05) (1,.05) (1.5,.05) (2,.05) (2.5,.05) (3,.05) (3.5,.05) (4,.05) (4.5,.05) (5,.05) (5.5,.05) (6,.05) (6.5,.05) (7,.05) (7.5,.05) (8,.05) (8.5,.05) (9,.05) (9.5,.05) (10,.05) } dimensionless
reaction1(time) = { (0,.075) (.5,.06718223) (1,.06180916) (1.5,.05811631) (2,.05557825) (2.5,.05383387) (3,.05263498) (3.5,.05181099) (4,.05124468) (4.5,.05085545) (5,.05058794) (5.5,.05040409) (6,.05027773) (6.5,.05019088) (7,.05013119) (7.5,.05009016) (8,.05006197) (8.5,.05004259) (9,.05002927) (9.5,.05002012) (10,.05001383) } dimensionless
S1(time) = { (0,.1) (.5,.08957631) (1,.08241222) (1.5,.07748842) (2,.07410434) (2.5,.0717785) (3,.07017997) (3.5,.06908133) (4,.06832624) (4.5,.06780727) (5,.06745059) (5.5,.06720545) (6,.06703697) (6.5,.06692117) (7,.06684158) (7.5,.06678689) (8,.06674929) (8.5,.06672345) (9,.0667057) (9.5,.06669349) (10,.0666851) } dimensionless
S3:time(time) = { (0,.02) (.5,.01999) (1,.01996005) (1.5,.01991027) (2,.01984085) (2.5,.01975207) (3,.01964428) (3.5,.01951789) (4,.01937341) (4.5,.01921138) (5,.01903241) (5.5,.01883718) (6,.0186264) (6.5,.01840084) (7,.01816129) (7.5,.01790859) (8,.0176436) (8.5,.01736721) (9,.01708031) (9.5,.01678381) (10,.01647862) } dimensionless
S4:time(time) = { (0,.02) (.5,.01999) (1,.01996005) (1.5,.01991027) (2,.01984085) (2.5,.01975207) (3,.01964428) (3.5,.01951789) (4,.01937341) (4.5,.01921138) (5,.01903241) (5.5,.01883718) (6,.0186264) (6.5,.01840084) (7,.01816129) (7.5,.01790859) (8,.0176436) (8.5,.01736721) (9,.01708031) (9.5,.01678381) (10,.01647862) } dimensionless
S1:time(time) = { (0,-0.025) (.5,-0.01718223) (1,-0.01180916) (1.5,-0.00811631) (2,-0.00557825) (2.5,-0.00383387) (3,-0.00263498) (3.5,-0.00181099) (4,-0.00124468) (4.5,-8.5545329E-4) (5,-5.8794393E-4) (5.5,-4.040876E-4) (6,-2.7772511E-4) (6.5,-1.9087751E-4) (7,-1.3118808E-4) (7.5,-9.016417E-5) (8,-6.1968875E-5) (8.5,-4.2590548E-5) (9,-2.9272031E-5) (9.5,-2.0118355E-5) (10,-1.3827132E-5) } dimensionless
