time.min = { 0 } second
time.max = { 10 } second
time.ct = { 21 } dimensionless
time.delta = { .5 } second
default_compartment = { 1 } L
k1 = { 1 } dimensionless
compartment_ = { 1 } dimensionless
S1__init = { .015 } dimensionless
S2__init = { 0 } dimensionless
time = { 0 .5 1 1.5 2 2.5 3 3.5 4 4.5 5 5.5 6 6.5 7 7.5 8 8.5 9 9.5 10 } second
reaction1(time) = { (0,.015) (.5,.00909796) (1,.00551819) (1.5,.00334695) (2,.00203003) (2.5,.00123128) (3,7.4680654E-4) (3.5,4.5296122E-4) (4,2.7473504E-4) (4.5,1.6663544E-4) (5,1.0106974E-4) (5.5,6.1302047E-5) (6,3.7181647E-5) (6.5,2.2551848E-5) (7,1.3678406E-5) (7.5,8.2963818E-6) (8,5.0320141E-6) (8.5,3.0520728E-6) (9,1.8511765E-6) (9.5,1.1227957E-6) (10,6.8101015E-7) } dimensionless
S1(time) = { (0,.015) (.5,.00909796) (1,.00551819) (1.5,.00334695) (2,.00203003) (2.5,.00123128) (3,7.4680654E-4) (3.5,4.5296122E-4) (4,2.7473504E-4) (4.5,1.6663544E-4) (5,1.0106974E-4) (5.5,6.1302047E-5) (6,3.7181647E-5) (6.5,2.2551848E-5) (7,1.3678406E-5) (7.5,8.2963818E-6) (8,5.0320141E-6) (8.5,3.0520728E-6) (9,1.8511765E-6) (9.5,1.1227957E-6) (10,6.8101015E-7) } dimensionless
S2(time) = { (0,0) (.5,.00590204) (1,.00948181) (1.5,.01165305) (2,.01296997) (2.5,.01376872) (3,.01425319) (3.5,.01454704) (4,.01472526) (4.5,.01483336) (5,.01489893) (5.5,.0149387) (6,.01496282) (6.5,.01497745) (7,.01498632) (7.5,.0149917) (8,.01499497) (8.5,.01499695) (9,.01499815) (9.5,.01499888) (10,.01499932) } dimensionless
S1:time(time) = { (0,-0.015) (.5,-0.00909796) (1,-0.00551819) (1.5,-0.00334695) (2,-0.00203003) (2.5,-0.00123128) (3,-7.4680654E-4) (3.5,-4.5296122E-4) (4,-2.7473504E-4) (4.5,-1.6663544E-4) (5,-1.0106974E-4) (5.5,-6.1302047E-5) (6,-3.7181647E-5) (6.5,-2.2551848E-5) (7,-1.3678406E-5) (7.5,-8.2963818E-6) (8,-5.0320141E-6) (8.5,-3.0520728E-6) (9,-1.8511765E-6) (9.5,-1.1227957E-6) (10,-6.8101015E-7) } dimensionless
S2:time(time) = { (0,.015) (.5,.00909796) (1,.00551819) (1.5,.00334695) (2,.00203003) (2.5,.00123128) (3,7.4680654E-4) (3.5,4.5296122E-4) (4,2.7473504E-4) (4.5,1.6663544E-4) (5,1.0106974E-4) (5.5,6.1302047E-5) (6,3.7181647E-5) (6.5,2.2551848E-5) (7,1.3678406E-5) (7.5,8.2963818E-6) (8,5.0320141E-6) (8.5,3.0520728E-6) (9,1.8511765E-6) (9.5,1.1227957E-6) (10,6.8101015E-7) } dimensionless
