time.min = { 0 } second
time.max = { 10 } second
time.ct = { 21 } dimensionless
time.delta = { .5 } second
compartment_ = { 1 } dimensionless
reaction2_k = { 2 } dimensionless
k = { 1 } dimensionless
S2__init = { 0 } dimensionless
S3__init = { 0 } dimensionless
time = { 0 .5 1 1.5 2 2.5 3 3.5 4 4.5 5 5.5 6 6.5 7 7.5 8 8.5 9 9.5 10 } second
reaction2(time) = { (0,0) (.5,1.4318882E-4) (1,1.3952499E-4) (1.5,1.0400429E-4) (2,7.0209816E-5) (2.5,4.5206699E-5) (3,2.8384232E-5) (3.5,1.7571001E-5) (4,1.0788013E-5) (4.5,6.5913385E-6) (5,4.0155386E-6) (5.5,2.4420558E-6) (6,1.4835763E-6) (6.5,9.0071555E-7) (7,5.4663574E-7) (7.5,3.3167062E-7) (8,2.0121233E-7) (8.5,1.2205766E-7) (9,7.4037737E-8) (9.5,4.4908447E-8) (10,2.7239279E-8) } dimensionless
S2(time) = { (0,0) (.5,7.159441E-5) (1,6.9762495E-5) (1.5,5.2002145E-5) (2,3.5104908E-5) (2.5,2.2603349E-5) (3,1.4192116E-5) (3.5,8.7855003E-6) (4,5.3940066E-6) (4.5,3.2956692E-6) (5,2.0077693E-6) (5.5,1.2210279E-6) (6,7.4178817E-7) (6.5,4.5035777E-7) (7,2.7331787E-7) (7.5,1.6583531E-7) (8,1.0060616E-7) (8.5,6.1028828E-8) (9,3.7018868E-8) (9.5,2.2454224E-8) (10,1.361964E-8) } dimensionless
reaction1(time) = { (0,3E-4) (.5,1.8195922E-4) (1,1.1036386E-4) (1.5,6.6939086E-5) (2,4.0600659E-5) (2.5,2.4625595E-5) (3,1.4936205E-5) (3.5,9.0592792E-6) (4,5.494737E-6) (4.5,3.3327294E-6) (5,2.021404E-6) (5.5,1.2260441E-6) (6,7.4363358E-7) (6.5,4.5103668E-7) (7,2.7356763E-7) (7.5,1.6592719E-7) (8,1.0063997E-7) (8.5,6.1041265E-8) (9,3.7023444E-8) (9.5,2.2455908E-8) (10,1.3620259E-8) } dimensionless
S1(time) = { (0,3E-4) (.5,1.8195922E-4) (1,1.1036386E-4) (1.5,6.6939086E-5) (2,4.0600659E-5) (2.5,2.4625595E-5) (3,1.4936205E-5) (3.5,9.0592792E-6) (4,5.494737E-6) (4.5,3.3327294E-6) (5,2.021404E-6) (5.5,1.2260441E-6) (6,7.4363358E-7) (6.5,4.5103668E-7) (7,2.7356763E-7) (7.5,1.6592719E-7) (8,1.0063997E-7) (8.5,6.1041265E-8) (9,3.7023444E-8) (9.5,2.2455908E-8) (10,1.3620259E-8) } dimensionless
S3(time) = { (0,0) (.5,4.6446374E-5) (1,1.1987365E-4) (1.5,1.8105877E-4) (2,2.2429443E-4) (2.5,2.5277106E-4) (3,2.7087168E-4) (3.5,2.8215522E-4) (4,2.8911126E-4) (4.5,2.933716E-4) (5,2.9597083E-4) (5.5,2.9755293E-4) (6,2.9851458E-4) (6.5,2.9909861E-4) (7,2.9945311E-4) (7.5,2.9966824E-4) (8,2.9979875E-4) (8.5,2.9987793E-4) (9,2.9992596E-4) (9.5,2.9995509E-4) (10,2.9997276E-4) } dimensionless
S2:time(time) = { (0,3E-4) (.5,3.8770395E-5) (1,-2.9161135E-5) (1.5,-3.7065205E-5) (2,-2.9609157E-5) (2.5,-2.0581104E-5) (3,-1.3448027E-5) (3.5,-8.5117214E-6) (4,-5.2932762E-6) (4.5,-3.258609E-6) (5,-1.9941346E-6) (5.5,-1.2160118E-6) (6,-7.3994277E-7) (6.5,-4.4967887E-7) (7,-2.7306811E-7) (7.5,-1.6574343E-7) (8,-1.0057236E-7) (8.5,-6.1016392E-8) (9,-3.7014293E-8) (9.5,-2.245254E-8) (10,-1.361902E-8) } dimensionless
S1:time(time) = { (0,-3E-4) (.5,-1.8195922E-4) (1,-1.1036386E-4) (1.5,-6.6939086E-5) (2,-4.0600659E-5) (2.5,-2.4625595E-5) (3,-1.4936205E-5) (3.5,-9.0592792E-6) (4,-5.494737E-6) (4.5,-3.3327294E-6) (5,-2.021404E-6) (5.5,-1.2260441E-6) (6,-7.4363358E-7) (6.5,-4.5103668E-7) (7,-2.7356763E-7) (7.5,-1.6592719E-7) (8,-1.0063997E-7) (8.5,-6.1041265E-8) (9,-3.7023444E-8) (9.5,-2.2455908E-8) (10,-1.3620259E-8) } dimensionless
S3:time(time) = { (0,0) (.5,1.4318882E-4) (1,1.3952499E-4) (1.5,1.0400429E-4) (2,7.0209816E-5) (2.5,4.5206699E-5) (3,2.8384232E-5) (3.5,1.7571001E-5) (4,1.0788013E-5) (4.5,6.5913385E-6) (5,4.0155386E-6) (5.5,2.4420558E-6) (6,1.4835763E-6) (6.5,9.0071555E-7) (7,5.4663574E-7) (7.5,3.3167062E-7) (8,2.0121233E-7) (8.5,1.2205766E-7) (9,7.4037737E-8) (9.5,4.4908447E-8) (10,2.7239279E-8) } dimensionless
