time.min = { 0 } second
time.max = { 10 } second
time.ct = { 21 } dimensionless
time.delta = { .5 } second
compartment_ = { 1 } dimensionless
k1 = { 1.5 } dimensionless
p1 = { 1 } dimensionless
S2__init = { 0 } dimensionless
time = { 0 .5 1 1.5 2 2.5 3 3.5 4 4.5 5 5.5 6 6.5 7 7.5 8 8.5 9 9.5 10 } second
reaction1(time) = { (0,2.25) (.5,1.0628248) (1,.50204287) (1.5,.23714827) (2,.11202091) (2.5,.05291494) (3,.02499525) (3.5,.01180692) (4,.0055772) (4.5,.00263448) (5,.00124444) (5.5,5.8783375E-4) (6,2.7767344E-4) (6.5,1.3116412E-4) (7,6.195814E-5) (7.5,2.9267728E-5) (8,1.3825445E-5) (8.5,6.5307957E-6) (9,3.0849664E-6) (9.5,1.4572456E-6) (10,6.8835698E-7) } dimensionless
S1(time) = { (0,1.5) (.5,.70854983) (1,.33469525) (1.5,.15809884) (2,.07468061) (2.5,.03527662) (3,.0166635) (3.5,.00787128) (4,.00371813) (4.5,.00175632) (5,8.2962824E-4) (5.5,3.9188917E-4) (6,1.8511562E-4) (6.5,8.7442744E-5) (7,4.1305426E-5) (7.5,1.9511818E-5) (8,9.2169635E-6) (8.5,4.3538638E-6) (9,2.0566443E-6) (9.5,9.7149707E-7) (10,4.5890466E-7) } dimensionless
S2(time) = { (0,0) (.5,1.5829003) (1,2.3306095) (1.5,2.6838023) (2,2.8506388) (2.5,2.9294468) (3,2.966673) (3.5,2.9842574) (4,2.9925637) (4.5,2.9964874) (5,2.9983407) (5.5,2.9992162) (6,2.9996298) (6.5,2.9998251) (7,2.9999174) (7.5,2.999961) (8,2.9999816) (8.5,2.9999913) (9,2.9999959) (9.5,2.9999981) (10,2.9999991) } dimensionless
S1:time(time) = { (0,-2.25) (.5,-1.0628248) (1,-0.50204287) (1.5,-0.23714827) (2,-0.11202091) (2.5,-0.05291494) (3,-0.02499525) (3.5,-0.01180692) (4,-0.0055772) (4.5,-0.00263448) (5,-0.00124444) (5.5,-5.8783375E-4) (6,-2.7767344E-4) (6.5,-1.3116412E-4) (7,-6.195814E-5) (7.5,-2.9267728E-5) (8,-1.3825445E-5) (8.5,-6.5307957E-6) (9,-3.0849664E-6) (9.5,-1.4572456E-6) (10,-6.8835698E-7) } dimensionless
S2:time(time) = { (0,4.5) (.5,2.1256495) (1,1.0040857) (1.5,.47429653) (2,.22404183) (2.5,.10582987) (3,.0499905) (3.5,.02361385) (4,.01115439) (4.5,.00526896) (5,.00248888) (5.5,.00117567) (6,5.5534687E-4) (6.5,2.6232823E-4) (7,1.2391628E-4) (7.5,5.8535455E-5) (8,2.7650891E-5) (8.5,1.3061591E-5) (9,6.1699328E-6) (9.5,2.9144912E-6) (10,1.376714E-6) } dimensionless
