time.min = { 0 } second
time.max = { 10 } second
time.ct = { 21 } dimensionless
time.delta = { .5 } second
default_compartment = { 1 } L
C = { 1 } dimensionless
k1 = { 1 } dimensionless
S1__init = { 1.5E-4 } dimensionless
S2__init = { 0 } dimensionless
time = { 0 .5 1 1.5 2 2.5 3 3.5 4 4.5 5 5.5 6 6.5 7 7.5 8 8.5 9 9.5 10 } second
reaction1(time) = { (0,1.5E-4) (.5,9.0979845E-5) (1,5.5182195E-5) (1.5,3.3469759E-5) (2,2.0300469E-5) (2.5,1.2312873E-5) (3,7.4681429E-6) (3.5,4.5296612E-6) (4,2.74738E-6) (4.5,1.6663709E-6) (5,1.0107053E-6) (5.5,6.1302391E-7) (6,3.7181787E-7) (6.5,2.25519E-7) (7,1.3678425E-7) (7.5,8.2963917E-8) (8,5.0320245E-8) (8.5,3.0520872E-8) (9,1.8511963E-8) (9.5,1.122818E-8) (10,6.8103007E-9) } dimensionless
S1(time) = { (0,1.5E-4) (.5,9.0979845E-5) (1,5.5182195E-5) (1.5,3.3469759E-5) (2,2.0300469E-5) (2.5,1.2312873E-5) (3,7.4681429E-6) (3.5,4.5296612E-6) (4,2.74738E-6) (4.5,1.6663709E-6) (5,1.0107053E-6) (5.5,6.1302391E-7) (6,3.7181787E-7) (6.5,2.25519E-7) (7,1.3678425E-7) (7.5,8.2963917E-8) (8,5.0320245E-8) (8.5,3.0520872E-8) (9,1.8511963E-8) (9.5,1.122818E-8) (10,6.8103007E-9) } dimensionless
S2(time) = { (0,0) (.5,5.9020155E-5) (1,9.4817805E-5) (1.5,1.1653024E-4) (2,1.2969953E-4) (2.5,1.3768713E-4) (3,1.4253186E-4) (3.5,1.4547034E-4) (4,1.4725262E-4) (4.5,1.4833363E-4) (5,1.4898929E-4) (5.5,1.4938698E-4) (6,1.4962818E-4) (6.5,1.4977448E-4) (7,1.4986322E-4) (7.5,1.4991704E-4) (8,1.4994968E-4) (8.5,1.4996948E-4) (9,1.4998149E-4) (9.5,1.4998877E-4) (10,1.4999319E-4) } dimensionless
S1:time(time) = { (0,-1.5E-4) (.5,-9.0979845E-5) (1,-5.5182195E-5) (1.5,-3.3469759E-5) (2,-2.0300469E-5) (2.5,-1.2312873E-5) (3,-7.4681429E-6) (3.5,-4.5296612E-6) (4,-2.74738E-6) (4.5,-1.6663709E-6) (5,-1.0107053E-6) (5.5,-6.1302391E-7) (6,-3.7181787E-7) (6.5,-2.25519E-7) (7,-1.3678425E-7) (7.5,-8.2963917E-8) (8,-5.0320245E-8) (8.5,-3.0520872E-8) (9,-1.8511963E-8) (9.5,-1.122818E-8) (10,-6.8103007E-9) } dimensionless
S2:time(time) = { (0,1.5E-4) (.5,9.0979845E-5) (1,5.5182195E-5) (1.5,3.3469759E-5) (2,2.0300469E-5) (2.5,1.2312873E-5) (3,7.4681429E-6) (3.5,4.5296612E-6) (4,2.74738E-6) (4.5,1.6663709E-6) (5,1.0107053E-6) (5.5,6.1302391E-7) (6,3.7181787E-7) (6.5,2.25519E-7) (7,1.3678425E-7) (7.5,8.2963917E-8) (8,5.0320245E-8) (8.5,3.0520872E-8) (9,1.8511963E-8) (9.5,1.122818E-8) (10,6.8103007E-9) } dimensionless
