time.min = { 0 } second
time.max = { 10 } second
time.ct = { 21 } dimensionless
time.delta = { .5 } second
default_compartment = { 1 } L
C = { 1 } dimensionless
k1 = { 1 } dimensionless
S2__init = { 0 } dimensionless
time = { 0 .5 1 1.5 2 2.5 3 3.5 4 4.5 5 5.5 6 6.5 7 7.5 8 8.5 9 9.5 10 } second
reaction1(time) = { (0,0) (.5,6.6187265E-5) (1,9.0979382E-5) (1.5,7.3046729E-5) (2,4.0603598E-5) (2.5,1.6480357E-5) (3,5.0039722E-6) (3.5,1.1553044E-6) (4,2.0382241E-7) (4.5,2.7505355E-8) (5,3.0065903E-9) (5.5,9.8097599E-10) (6,4.9052079E-10) (6.5,3.8801072E-10) (7,4.8399224E-10) (7.5,9.3530599E-10) (8,2.7384566E-9) (8.5,1.1874876E-8) (9,3.1700187E-9) (9.5,1.5335741E-8) (10,3.5216804E-9) } dimensionless
S1(time) = { (0,1.5E-4) (.5,1.3237453E-4) (1,9.0979382E-5) (1.5,4.869782E-5) (2,2.0301799E-5) (2.5,6.592143E-6) (3,1.6679907E-6) (3.5,3.3008698E-7) (4,5.0955603E-8) (4.5,6.1123012E-9) (5,6.0131807E-10) (5.5,1.7835927E-10) (6,8.1753465E-11) (6.5,5.9693957E-11) (7,6.9141749E-11) (7.5,1.2470747E-10) (8,3.4230708E-10) (8.5,1.3970443E-9) (9,3.522243E-10) (9.5,1.6142886E-9) (10,3.5216804E-10) } dimensionless
S2(time) = { (0,0) (.5,1.762547E-5) (1,5.9020618E-5) (1.5,1.0130218E-4) (2,1.296982E-4) (2.5,1.4340786E-4) (3,1.4833201E-4) (3.5,1.4966991E-4) (4,1.4994904E-4) (4.5,1.4999389E-4) (5,1.499994E-4) (5.5,1.4999982E-4) (6,1.4999992E-4) (6.5,1.4999994E-4) (7,1.4999993E-4) (7.5,1.4999988E-4) (8,1.4999966E-4) (8.5,1.499986E-4) (9,1.4999965E-4) (9.5,1.4999839E-4) (10,1.4999965E-4) } dimensionless
S1:time(time) = { (0,-0) (.5,-6.6187265E-5) (1,-9.0979382E-5) (1.5,-7.3046729E-5) (2,-4.0603598E-5) (2.5,-1.6480357E-5) (3,-5.0039722E-6) (3.5,-1.1553044E-6) (4,-2.0382241E-7) (4.5,-2.7505355E-8) (5,-3.0065903E-9) (5.5,-9.8097599E-10) (6,-4.9052079E-10) (6.5,-3.8801072E-10) (7,-4.8399224E-10) (7.5,-9.3530599E-10) (8,-2.7384566E-9) (8.5,-1.1874876E-8) (9,-3.1700187E-9) (9.5,-1.5335741E-8) (10,-3.5216804E-9) } dimensionless
S2:time(time) = { (0,0) (.5,6.6187265E-5) (1,9.0979382E-5) (1.5,7.3046729E-5) (2,4.0603598E-5) (2.5,1.6480357E-5) (3,5.0039722E-6) (3.5,1.1553044E-6) (4,2.0382241E-7) (4.5,2.7505355E-8) (5,3.0065903E-9) (5.5,9.8097599E-10) (6,4.9052079E-10) (6.5,3.8801072E-10) (7,4.8399224E-10) (7.5,9.3530599E-10) (8,2.7384566E-9) (8.5,1.1874876E-8) (9,3.1700187E-9) (9.5,1.5335741E-8) (10,3.5216804E-9) } dimensionless
