time.min = { 0 } second
time.max = { 10 } second
time.ct = { 21 } dimensionless
time.delta = { .5 } second
default_compartment = { 1 } L
k3 = { 1.4 } dimensionless
k2 = { 3 } dimensionless
k1 = { 1 } dimensionless
modelconv = { 4 } dimensionless
S1conv = { 3 } dimensionless
S1__init = { 0 } dimensionless
time = { 0 .5 1 1.5 2 2.5 3 3.5 4 4.5 5 5.5 6 6.5 7 7.5 8 8.5 9 9.5 10 } second
J2(time) = { (0,.0014) (.5,1.3378327) (1,1.4811233) (1.5,1.49778) (2,1.4997385) (2.5,1.4999691) (3,1.4999963) (3.5,1.4999995) (4,1.4999999) (4.5,1.5) (5,1.5) (5.5,1.5) (6,1.5) (6.5,1.5) (7,1.5) (7.5,1.5) (8,1.5) (8.5,1.5) (9,1.5) (9.5,1.5) (10,1.5) } dimensionless
S2(time) = { (0,.001) (.5,.95559481) (1,1.0579452) (1.5,1.0698428) (2,1.0712418) (2.5,1.0714065) (3,1.0714259) (3.5,1.0714282) (4,1.0714285) (4.5,1.0714285) (5,1.0714285) (5.5,1.0714285) (6,1.0714285) (6.5,1.0714285) (7,1.0714285) (7.5,1.0714285) (8,1.0714285) (8.5,1.0714285) (9,1.0714285) (9.5,1.0714285) (10,1.0714285) } dimensionless
J1(time) = { (0,0) (.5,.48777611) (1,.49852232) (1.5,.49982545) (2,.4999795) (2.5,.49999767) (3,.49999985) (3.5,.50000002) (4,.50000007) (4.5,.50000005) (5,.50000007) (5.5,.50000006) (6,.50000006) (6.5,.50000006) (7,.50000006) (7.5,.50000006) (8,.50000006) (8.5,.50000006) (9,.50000006) (9.5,.50000006) (10,.50000006) } dimensionless
S1(time) = { (0,0) (.5,.15537211) (1,.1758031) (1.5,.17824489) (2,.17853298) (2.5,.17856692) (3,.17857093) (3.5,.17857138) (4,.17857144) (4.5,.17857144) (5,.17857145) (5.5,.17857144) (6,.17857145) (6.5,.17857144) (7,.17857145) (7.5,.17857145) (8,.17857145) (8.5,.17857145) (9,.17857145) (9.5,.17857145) (10,.17857145) } dimensionless
J0(time) = { (0,1) (.5,1) (1,1) (1.5,1) (2,1) (2.5,1) (3,1) (3.5,1) (4,1) (4.5,1) (5,1) (5.5,1) (6,1) (6.5,1) (7,1) (7.5,1) (8,1) (8.5,1) (9,1) (9.5,1) (10,1) } dimensionless
S2:time(time) = { (0,-0.0056) (.5,.50198236) (1,.0577747) (1.5,.00678559) (2,7.9984115E-4) (2.5,9.5450078E-5) (3,1.3157456E-5) (3.5,2.0968284E-6) (4,1.2545781E-6) (4.5,8.2146049E-7) (5,9.9158244E-7) (5.5,8.5595955E-7) (6,9.4524758E-7) (6.5,8.8252722E-7) (7,9.2511902E-7) (7.5,8.9556763E-7) (8,9.1577733E-7) (8.5,9.0181883E-7) (9,9.1139449E-7) (9.5,9.0479471E-7) (10,9.0932886E-7) } dimensionless
S1:time(time) = { (0,4) (.5,.09779113) (1,.01182147) (1.5,.00139641) (2,1.6403777E-4) (2.5,1.8654908E-5) (3,1.1644345E-6) (3.5,-1.5797069E-7) (4,-5.6205848E-7) (4.5,-4.2955407E-7) (5,-5.3321517E-7) (5.5,-4.6147003E-7) (6,-5.0979223E-7) (6.5,-4.7598378E-7) (7,-4.9895774E-7) (7.5,-4.8301962E-7) (8,-4.9391965E-7) (8.5,-4.8639121E-7) (9,-4.9155579E-7) (9.5,-4.8799624E-7) (10,-4.904417E-7) } dimensionless
