time.min = { 0 } second
time.max = { 10 } second
time.ct = { 21 } dimensionless
time.delta = { .5 } second
default_compartment = { 1 } L
k1 = { 1 } dimensionless
parameterId_0__init = { 1 } dimensionless
X__init = { 0 } dimensionless
time = { 0 .5 1 1.5 2 2.5 3 3.5 4 4.5 5 5.5 6 6.5 7 7.5 8 8.5 9 9.5 10 } second
J0(time) = { (0,1) (.5,1) (1,1) (1.5,1) (2,1) (2.5,1) (3,1) (3.5,1) (4,1) (4.5,1) (5,1) (5.5,1) (6,1) (6.5,1) (7,1) (7.5,1) (8,1) (8.5,1) (9,1) (9.5,1) (10,1) } dimensionless
Xref(time) = { (0,1) (.5,1.005) (1,1.01) (1.5,1.015) (2,1.02) (2.5,1.025) (3,1.03) (3.5,1.035) (4,1.04) (4.5,1.045) (5,1.05) (5.5,1.055) (6,1.06) (6.5,1.065) (7,1.07) (7.5,1.075) (8,1.08) (8.5,1.085) (9,1.09) (9.5,1.095) (10,1.1) } dimensionless
parameterId_0(time) = { (0,1) (.5,1.005) (1,1.01) (1.5,1.015) (2,1.02) (2.5,1.025) (3,1.03) (3.5,1.035) (4,1.04) (4.5,1.045) (5,1.05) (5.5,1.055) (6,1.06) (6.5,1.065) (7,1.07) (7.5,1.075) (8,1.08) (8.5,1.085) (9,1.09) (9.5,1.095) (10,1.1) } dimensionless
X(time) = { (0,0) (.5,.50125) (1,1.005) (1.5,1.51125) (2,2.02) (2.5,2.53125) (3,3.045) (3.5,3.56125) (4,4.08) (4.5,4.60125) (5,5.125) (5.5,5.65125) (6,6.18) (6.5,6.71125) (7,7.245) (7.5,7.78125) (8,8.32) (8.5,8.86125) (9,9.405) (9.5,9.95125) (10,10.5) } dimensionless
parameterId_0:time(time) = { (0,.01) (.5,.01) (1,.01) (1.5,.01) (2,.01) (2.5,.01) (3,.01) (3.5,.01) (4,.01) (4.5,.01) (5,.01) (5.5,.01) (6,.01) (6.5,.01) (7,.01) (7.5,.01) (8,.01) (8.5,.01) (9,.01) (9.5,.01) (10,.01) } dimensionless
X:time(time) = { (0,1) (.5,1.005) (1,1.01) (1.5,1.015) (2,1.02) (2.5,1.025) (3,1.03) (3.5,1.035) (4,1.04) (4.5,1.045) (5,1.05) (5.5,1.055) (6,1.06) (6.5,1.065) (7,1.07) (7.5,1.075) (8,1.08) (8.5,1.085) (9,1.09) (9.5,1.095) (10,1.1) } dimensionless
