time.min = { 0 } second
time.max = { 10 } second
time.ct = { 21 } dimensionless
time.delta = { .5 } second
k1 = { 1.5 } dimensionless
compartment_ = { 10 } dimensionless
S1__init = { .0015 } dimensionless
S2__init = { 0 } dimensionless
time = { 0 .5 1 1.5 2 2.5 3 3.5 4 4.5 5 5.5 6 6.5 7 7.5 8 8.5 9 9.5 10 } second
reaction1(time) = { (0,.00225) (.5,.00106283) (1,5.0204399E-4) (1.5,2.3714914E-4) (2,1.1202169E-4) (2.5,5.2915759E-5) (3,2.4996231E-5) (3.5,1.1807692E-5) (4,5.5776631E-6) (4.5,2.6347345E-6) (5,1.2445701E-6) (5.5,5.8789589E-7) (6,2.7770316E-7) (6.5,1.3117815E-7) (7,6.1964674E-8) (7.5,2.9270684E-8) (8,1.3827346E-8) (8.5,6.5325939E-9) (9,3.0862599E-9) (9.5,1.4580732E-9) (10,6.8885237E-10) } dimensionless
S1(time) = { (0,.0015) (.5,7.0855041E-4) (1,3.3469599E-4) (1.5,1.5809943E-4) (2,7.4681124E-5) (2.5,3.5277173E-5) (3,1.6664154E-5) (3.5,7.8717945E-6) (4,3.7184421E-6) (4.5,1.7564897E-6) (5,8.2971338E-7) (5.5,3.9193059E-7) (6,1.8513544E-7) (6.5,8.7452101E-8) (7,4.1309783E-8) (7.5,1.9513789E-8) (8,9.2182307E-9) (8.5,4.3550626E-9) (9,2.0575066E-9) (9.5,9.7204879E-10) (10,4.5923491E-10) } dimensionless
S2(time) = { (0,0) (.5,7.9144959E-4) (1,.0011653) (1.5,.0013419) (2,.00142532) (2.5,.00146472) (3,.00148334) (3.5,.00149213) (4,.00149628) (4.5,.00149824) (5,.00149917) (5.5,.00149961) (6,.00149981) (6.5,.00149991) (7,.00149996) (7.5,.00149998) (8,.00149999) (8.5,.0015) (9,.0015) (9.5,.0015) (10,.0015) } dimensionless
S1:time(time) = { (0,-0.00225) (.5,-0.00106283) (1,-5.0204399E-4) (1.5,-2.3714914E-4) (2,-1.1202169E-4) (2.5,-5.2915759E-5) (3,-2.4996231E-5) (3.5,-1.1807692E-5) (4,-5.5776631E-6) (4.5,-2.6347345E-6) (5,-1.2445701E-6) (5.5,-5.8789589E-7) (6,-2.7770316E-7) (6.5,-1.3117815E-7) (7,-6.1964674E-8) (7.5,-2.9270684E-8) (8,-1.3827346E-8) (8.5,-6.5325939E-9) (9,-3.0862599E-9) (9.5,-1.4580732E-9) (10,-6.8885237E-10) } dimensionless
S2:time(time) = { (0,.00225) (.5,.00106283) (1,5.0204399E-4) (1.5,2.3714914E-4) (2,1.1202169E-4) (2.5,5.2915759E-5) (3,2.4996231E-5) (3.5,1.1807692E-5) (4,5.5776631E-6) (4.5,2.6347345E-6) (5,1.2445701E-6) (5.5,5.8789589E-7) (6,2.7770316E-7) (6.5,1.3117815E-7) (7,6.1964674E-8) (7.5,2.9270684E-8) (8,1.3827346E-8) (8.5,6.5325939E-9) (9,3.0862599E-9) (9.5,1.4580732E-9) (10,6.8885237E-10) } dimensionless
