time.min = { 0 } second
time.max = { 10 } second
time.ct = { 21 } dimensionless
time.delta = { .5 } second
C = { 1 } dimensionless
kf = { .9 } dimensionless
kr = { .075 } dimensionless
S2__init = { 0 } dimensionless
time = { 0 .5 1 1.5 2 2.5 3 3.5 4 4.5 5 5.5 6 6.5 7 7.5 8 8.5 9 9.5 10 } second
reaction1(time) = { (0,-0.9) (.5,-0.86687498) (1,-0.83496914) (1.5,-0.80423761) (2,-0.77463718) (2.5,-0.74612621) (3,-0.7186646) (3.5,-0.69221373) (4,-0.6667364) (4.5,-0.64219678) (5,-0.61856035) (5.5,-0.59579388) (6,-0.57386534) (6.5,-0.55274389) (7,-0.53239983) (7.5,-0.51280454) (8,-0.49393047) (8.5,-0.47575107) (9,-0.45824078) (9.5,-0.44137496) (10,-0.4251299) } dimensionless
S1(time) = { (0,1) (.5,1) (1,1) (1.5,1) (2,1) (2.5,1) (3,1) (3.5,1) (4,1) (4.5,1) (5,1) (5.5,1) (6,1) (6.5,1) (7,1) (7.5,1) (8,1) (8.5,1) (9,1) (9.5,1) (10,1) } dimensionless
S2(time) = { (0,0) (.5,.44166699) (1,.86707816) (1.5,1.2768318) (2,1.6715043) (2.5,2.0516506) (3,2.4178054) (3.5,2.7704836) (4,3.1101814) (4.5,3.4373763) (5,3.7525287) (5.5,4.0560816) (6,4.3484622) (6.5,4.6300815) (7,4.9013356) (7.5,5.1626061) (8,5.4142604) (8.5,5.6566523) (9,5.890123) (9.5,6.1150005) (10,6.3316014) } dimensionless
S2:time(time) = { (0,.9) (.5,.86687498) (1,.83496914) (1.5,.80423761) (2,.77463718) (2.5,.74612621) (3,.7186646) (3.5,.69221373) (4,.6667364) (4.5,.64219678) (5,.61856035) (5.5,.59579388) (6,.57386534) (6.5,.55274389) (7,.53239983) (7.5,.51280454) (8,.49393047) (8.5,.47575107) (9,.45824078) (9.5,.44137496) (10,.4251299) } dimensionless
