time.min = { 0 } second
time.max = { 10 } second
time.ct = { 21 } dimensionless
time.delta = { .5 } second
compartment = { 1 } L
k1 = { 1 } dimensionless
S2__init = { 0 } M
time = { 0 .5 1 1.5 2 2.5 3 3.5 4 4.5 5 5.5 6 6.5 7 7.5 8 8.5 9 9.5 10 } second
S1(time) = { (0,.015) (.5,.0091) (1,.00552) (1.5,.00335) (2,.00203) (2.5,.00123) (3,7.4681E-4) (3.5,4.5296E-4) (4,2.7473E-4) (4.5,1.6664E-4) (5,1.0107E-4) (5.5,6.1302E-5) (6,3.7182E-5) (6.5,2.2552E-5) (7,1.3678E-5) (7.5,8.2964E-6) (8,5.032E-6) (8.5,3.0521E-6) (9,1.8512E-6) (9.5,1.1228E-6) (10,6.8101E-7) } M
S2(time) = { (0,0) (.5,.0118) (1,.01896) (1.5,.02331) (2,.02594) (2.5,.02754) (3,.02851) (3.5,.02909) (4,.02945) (4.5,.02967) (5,.0298) (5.5,.02988) (6,.02993) (6.5,.02995) (7,.02997) (7.5,.02998) (8,.02999) (8.5,.02999) (9,.03) (9.5,.03) (10,.03) } M
reaction1(time) = { (0,.015) (.5,.0091) (1,.00552) (1.5,.00335) (2,.00203) (2.5,.00123) (3,7.4681E-4) (3.5,4.5296E-4) (4,2.7473E-4) (4.5,1.6664E-4) (5,1.0107E-4) (5.5,6.1302E-5) (6,3.7182E-5) (6.5,2.2552E-5) (7,1.3678E-5) (7.5,8.2964E-6) (8,5.032E-6) (8.5,3.0521E-6) (9,1.8512E-6) (9.5,1.1228E-6) (10,6.8101E-7) } katal
S1:time(time) = { (0,-0.015) (.5,-0.0091) (1,-0.00552) (1.5,-0.00335) (2,-0.00203) (2.5,-0.00123) (3,-7.4681E-4) (3.5,-4.5296E-4) (4,-2.7473E-4) (4.5,-1.6664E-4) (5,-1.0107E-4) (5.5,-6.1302E-5) (6,-3.7182E-5) (6.5,-2.2552E-5) (7,-1.3678E-5) (7.5,-8.2964E-6) (8,-5.032E-6) (8.5,-3.0521E-6) (9,-1.8512E-6) (9.5,-1.1228E-6) (10,-6.8101E-7) } M/second
S2:time(time) = { (0,.03) (.5,.0182) (1,.01104) (1.5,.00669) (2,.00406) (2.5,.00246) (3,.00149) (3.5,9.0592E-4) (4,5.4947E-4) (4.5,3.3327E-4) (5,2.0214E-4) (5.5,1.226E-4) (6,7.4363E-5) (6.5,4.5104E-5) (7,2.7357E-5) (7.5,1.6593E-5) (8,1.0064E-5) (8.5,6.1041E-6) (9,3.7024E-6) (9.5,2.2456E-6) (10,1.362E-6) } M/second
