time.min = { 0 } second
time.max = { 10 } second
time.ct = { 21 } dimensionless
time.delta = { .5 } second
compartment = { 1 } L
k1 = { 1.5 } dimensionless
S1__init = { .0015 } mol
S2__init = { 0 } mol
time = { 0 .5 1 1.5 2 2.5 3 3.5 4 4.5 5 5.5 6 6.5 7 7.5 8 8.5 9 9.5 10 } second
S1(time) = { (0,.0015) (.5,7.0855E-4) (1,3.347E-4) (1.5,1.581E-4) (2,7.4681E-5) (2.5,3.5277E-5) (3,1.6664E-5) (3.5,7.8718E-6) (4,3.7184E-6) (4.5,1.7565E-6) (5,8.2971E-7) (5.5,3.9193E-7) (6,1.8514E-7) (6.5,8.7452E-8) (7,4.131E-8) (7.5,1.9514E-8) (8,9.2182E-9) (8.5,4.3551E-9) (9,2.0575E-9) (9.5,9.7205E-10) (10,4.5923E-10) } mol
S2(time) = { (0,0) (.5,7.9145E-4) (1,.00117) (1.5,.00134) (2,.00143) (2.5,.00146) (3,.00148) (3.5,.00149) (4,.0015) (4.5,.0015) (5,.0015) (5.5,.0015) (6,.0015) (6.5,.0015) (7,.0015) (7.5,.0015) (8,.0015) (8.5,.0015) (9,.0015) (9.5,.0015) (10,.0015) } mol
reaction1(time) = { (0,.00225) (.5,.00106) (1,5.0204E-4) (1.5,2.3715E-4) (2,1.1202E-4) (2.5,5.2916E-5) (3,2.4996E-5) (3.5,1.1808E-5) (4,5.5777E-6) (4.5,2.6347E-6) (5,1.2446E-6) (5.5,5.879E-7) (6,2.777E-7) (6.5,1.3118E-7) (7,6.1965E-8) (7.5,2.9271E-8) (8,1.3827E-8) (8.5,6.5326E-9) (9,3.0863E-9) (9.5,1.4581E-9) (10,6.8885E-10) } katal
S1:time(time) = { (0,-0.00225) (.5,-0.00106) (1,-5.0204E-4) (1.5,-2.3715E-4) (2,-1.1202E-4) (2.5,-5.2916E-5) (3,-2.4996E-5) (3.5,-1.1808E-5) (4,-5.5777E-6) (4.5,-2.6347E-6) (5,-1.2446E-6) (5.5,-5.879E-7) (6,-2.777E-7) (6.5,-1.3118E-7) (7,-6.1965E-8) (7.5,-2.9271E-8) (8,-1.3827E-8) (8.5,-6.5326E-9) (9,-3.0863E-9) (9.5,-1.4581E-9) (10,-6.8885E-10) } mol/second
S2:time(time) = { (0,.00225) (.5,.00106) (1,5.0204E-4) (1.5,2.3715E-4) (2,1.1202E-4) (2.5,5.2916E-5) (3,2.4996E-5) (3.5,1.1808E-5) (4,5.5777E-6) (4.5,2.6347E-6) (5,1.2446E-6) (5.5,5.879E-7) (6,2.777E-7) (6.5,1.3118E-7) (7,6.1965E-8) (7.5,2.9271E-8) (8,1.3827E-8) (8.5,6.5326E-9) (9,3.0863E-9) (9.5,1.4581E-9) (10,6.8885E-10) } mol/second
