time.min = { 0 } second
time.max = { 10 } second
time.ct = { 21 } dimensionless
time.delta = { .5 } second
C = { 1 } L
k1 = { .5 } dimensionless
k2 = { 50 } dimensionless
time = { 0 .5 1 1.5 2 2.5 3 3.5 4 4.5 5 5.5 6 6.5 7 7.5 8 8.5 9 9.5 10 } second
S1(time) = { (0,1) (.5,.7788) (1,.60653) (1.5,.47237) (2,.36788) (2.5,.2865) (3,.22313) (3.5,.17377) (4,.13534) (4.5,.1054) (5,.08208) (5.5,.06393) (6,.04979) (6.5,.03877) (7,.0302) (7.5,.02352) (8,.01832) (8.5,.01426) (9,.01111) (9.5,.00865) (10,.00674) } M
S2(time) = { (0,1.5) (.5,1.7212) (1,1.8935) (1.5,2.0276) (2,2.1321) (2.5,2.2135) (3,2.2769) (3.5,2.3262) (4,2.3647) (4.5,2.3946) (5,2.4179) (5.5,2.4361) (6,2.4502) (6.5,2.4612) (7,2.4698) (7.5,2.4765) (8,2.4817) (8.5,2.4857) (9,2.4889) (9.5,2.4913) (10,2.4933) } M
reaction1(time) = { (0,.5) (.5,.3894) (1,.30327) (1.5,.23618) (2,.18394) (2.5,.14325) (3,.11157) (3.5,.08689) (4,.06767) (4.5,.0527) (5,.04104) (5.5,.03196) (6,.02489) (6.5,.01939) (7,.0151) (7.5,.01176) (8,.00916) (8.5,.00713) (9,.00555) (9.5,.00433) (10,.00337) } katal
S1:time(time) = { (0,-0.5) (.5,-0.3894) (1,-0.30327) (1.5,-0.23618) (2,-0.18394) (2.5,-0.14325) (3,-0.11157) (3.5,-0.08689) (4,-0.06767) (4.5,-0.0527) (5,-0.04104) (5.5,-0.03196) (6,-0.02489) (6.5,-0.01939) (7,-0.0151) (7.5,-0.01176) (8,-0.00916) (8.5,-0.00713) (9,-0.00555) (9.5,-0.00433) (10,-0.00337) } M/second
S2:time(time) = { (0,.5) (.5,.3894) (1,.30327) (1.5,.23618) (2,.18394) (2.5,.14325) (3,.11157) (3.5,.08689) (4,.06767) (4.5,.0527) (5,.04104) (5.5,.03196) (6,.02489) (6.5,.01939) (7,.0151) (7.5,.01176) (8,.00916) (8.5,.00713) (9,.00555) (9.5,.00433) (10,.00337) } M/second
