time.min = { 0 } second
time.max = { 10 } second
time.ct = { 21 } dimensionless
time.delta = { .5 } second
c__init = { 1 } L
s__init = { 2 } M
time = { 0 .5 1 1.5 2 2.5 3 3.5 4 4.5 5 5.5 6 6.5 7 7.5 8 8.5 9 9.5 10 } second
c(time) = { (0,1) (.5,1.284) (1,1.6487) (1.5,2.117) (2,2.7183) (2.5,3.4903) (3,4.4817) (3.5,5.7546) (4,7.3891) (4.5,9.4877) (5,12.18249) (5.5,15.64263) (6,20.08554) (6.5,2.579E1) (7,33.11545) (7.5,42.52108) (8,54.59815) (8.5,70.10541) (9,90.01713) (9.5,1.1558E2) (10,1.4841E2) } L
s(time) = { (0,2) (.5,1.5576) (1,1.2131) (1.5,.94473) (2,.73576) (2.5,.57301) (3,.44626) (3.5,.34755) (4,.27067) (4.5,.2108) (5,.16417) (5.5,.12786) (6,.09957) (6.5,.07755) (7,.06039) (7.5,.04704) (8,.03663) (8.5,.02853) (9,.02222) (9.5,.0173) (10,.01348) } M
c:time(time) = { (0,.5) (.5,.64201) (1,.82436) (1.5,1.0585) (2,1.3591) (2.5,1.7452) (3,2.2408) (3.5,2.8773) (4,3.6945) (4.5,4.7439) (5,6.0912) (5.5,7.8213) (6,10.04277) (6.5,12.89517) (7,16.55773) (7.5,21.26054) (8,27.29908) (8.5,35.05271) (9,45.00857) (9.5,57.79214) (10,74.20658) } L/second
s:time(time) = { (0,-1) (.5,-0.7788) (1,-0.60653) (1.5,-0.47237) (2,-0.36788) (2.5,-0.2865) (3,-0.22313) (3.5,-0.17377) (4,-0.13534) (4.5,-0.1054) (5,-0.08208) (5.5,-0.06393) (6,-0.04979) (6.5,-0.03877) (7,-0.0302) (7.5,-0.02352) (8,-0.01832) (8.5,-0.01426) (9,-0.01111) (9.5,-0.00865) (10,-0.00674) } M/second
