time.min = { 0 } second
time.max = { 10 } second
time.ct = { 21 } dimensionless
time.delta = { .5 } second
compartmentOne = { 1 } L
t = { 1 } s
S1__init = { 1 } M
S2__init = { 0 } M
time = { 0 .5 1 1.5 2 2.5 3 3.5 4 4.5 5 5.5 6 6.5 7 7.5 8 8.5 9 9.5 10 } second
S1(time) = { (0,1) (.5,.36788) (1,.13534) (1.5,.04979) (2,.01832) (2.5,.00674) (3,.00248) (3.5,9.1188E-4) (4,3.3546E-4) (4.5,1.2341E-4) (5,4.5401E-5) (5.5,1.6703E-5) (6,6.1452E-6) (6.5,2.261E-6) (7,8.3185E-7) (7.5,3.0603E-7) (8,1.1259E-7) (8.5,4.1419E-8) (9,1.5239E-8) (9.5,5.6083E-9) (10,2.0657E-9) } M
S2(time) = { (0,0) (.5,.63212) (1,.86466) (1.5,.95021) (2,.98168) (2.5,.99326) (3,.99752) (3.5,.99909) (4,.99966) (4.5,.99988) (5,.99995) (5.5,.99998) (6,.99999) (6.5,1) (7,1) (7.5,1) (8,1) (8.5,1) (9,1) (9.5,1) (10,1) } M
reaction_1(time) = { (0,2) (.5,.73576) (1,.27067) (1.5,.09957) (2,.03663) (2.5,.01348) (3,.00496) (3.5,.00182) (4,6.7093E-4) (4.5,2.4682E-4) (5,9.0802E-5) (5.5,3.3405E-5) (6,1.229E-5) (6.5,4.522E-6) (7,1.6637E-6) (7.5,6.1206E-7) (8,2.2517E-7) (8.5,8.2838E-8) (9,3.0477E-8) (9.5,1.1217E-8) (10,4.1315E-9) } katal
S1:time(time) = { (0,-2) (.5,-0.73576) (1,-0.27067) (1.5,-0.09957) (2,-0.03663) (2.5,-0.01348) (3,-0.00496) (3.5,-0.00182) (4,-6.7093E-4) (4.5,-2.4682E-4) (5,-9.0802E-5) (5.5,-3.3405E-5) (6,-1.229E-5) (6.5,-4.522E-6) (7,-1.6637E-6) (7.5,-6.1206E-7) (8,-2.2517E-7) (8.5,-8.2838E-8) (9,-3.0477E-8) (9.5,-1.1217E-8) (10,-4.1315E-9) } M/second
S2:time(time) = { (0,2) (.5,.73576) (1,.27067) (1.5,.09957) (2,.03663) (2.5,.01348) (3,.00496) (3.5,.00182) (4,6.7093E-4) (4.5,2.4682E-4) (5,9.0802E-5) (5.5,3.3405E-5) (6,1.229E-5) (6.5,4.522E-6) (7,1.6637E-6) (7.5,6.1206E-7) (8,2.2517E-7) (8.5,8.2838E-8) (9,3.0477E-8) (9.5,1.1217E-8) (10,4.1315E-9) } M/second
