time.min = { 0 } second
time.max = { 10 } second
time.ct = { 21 } dimensionless
time.delta = { .5 } second
cell = { 1 } L
tau = { 1 } dimensionless
m = { .5 } dimensionless
q = { 1 } dimensionless
delta_t = { 1 } dimensionless
P__init = { 0 } M
time = { 0 .5 1 1.5 2 2.5 3 3.5 4 4.5 5 5.5 6 6.5 7 7.5 8 8.5 9 9.5 10 } second
P(time) = { (0,0) (.5,.39347) (1,.63212) (1.5,.73993) (2,.76096) (2.5,.75407) (3,.74339) (3.5,.7363) (4,.73293) (4.5,.73179) (5,.73164) (5.5,.73177) (6,.73192) (6.5,.73201) (7,.73204) (7.5,.73206) (8,.73206) (8.5,.73205) (9,.73205) (9.5,.73205) (10,.73205) } M
P:time(time) = { (0,1) (.5,.60653) (1,.36788) (1.5,.09568) (2,-0.00112) (2.5,-0.02413) (3,-0.01901) (3.5,-0.0101) (4,-0.0039) (4.5,-8.7914E-4) (5,1.7684E-4) (5.5,3.4611E-4) (6,2.4236E-4) (6.5,1.1868E-4) (7,4.1415E-5) (7.5,6.6271E-6) (8,-4.082E-6) (8.5,-4.8561E-6) (9,-3.0327E-6) (9.5,-1.3649E-6) (10,-4.1996E-7) } M/second
