t.min = { 0 } dimensionless
t.max = { .1 } dimensionless
t.ct = { 11 } dimensionless
t.delta = { .01 } dimensionless
A = { 1 } dimensionless
C__init = { 1 } dimensionless
t = { 0 .01 .02 .03 .04 .05 .06 .07 .08 .09 .1 } dimensionless
B(t) = { (0,1) (.01,1) (.02,1) (.03,1) (.04,1) (.05,1) (.06,1) (.07,1) (.08,1) (.09,1) (.1,1) } dimensionless
C(t) = { (0,1) (.01,.99002509) (.02,.98010021) (.03,.97022536) (.04,.96040054) (.05,.95062573) (.06,.94090094) (.07,.93122617) (.08,.92160117) (.09,.91202617) (.1,.90250117) } dimensionless
D(t) = { (0,1) (.01,.995) (.02,.99) (.03,.985) (.04,.98) (.05,.975) (.06,.97) (.07,.96500061) (.08,.96000061) (.09,.95500061) (.1,.95000061) } dimensionless
C:t(t) = { (0,-1) (.01,-0.995) (.02,-0.99) (.03,-0.985) (.04,-0.98) (.05,-0.975) (.06,-0.97) (.07,-0.96500061) (.08,-0.96000061) (.09,-0.95500061) (.1,-0.95000061) } dimensionless
