t.min = { 0 } dimensionless
t.max = { 3 } dimensionless
t.ct = { 13 } dimensionless
t.delta = { .25 } dimensionless
u__init = { 1 } dimensionless
t = { 0 .25 .5 .75 1 1.25 1.5 1.75 2 2.25 2.5 2.75 3 } dimensionless
u(t) = { (0,1) (.25,.77880082) (.5,.60653071) (.75,.47236662) (1,.36787951) (1.25,.28650486) (1.5,.22313023) (1.75,.17377401) (2,.13533534) (2.25,.10539928) (2.5,.08208505) (2.75,.06392791) (3,.04978711) } dimensionless
uexact(t) = { (0,1) (.25,.77880078) (.5,.60653066) (.75,.47236655) (1,.36787944) (1.25,.2865048) (1.5,.22313016) (1.75,.17377394) (2,.13533528) (2.25,.10539922) (2.5,.082085) (2.75,.06392786) (3,.04978707) } dimensionless
u:t(t) = { (0,-1) (.25,-0.77880082) (.5,-0.60653071) (.75,-0.47236662) (1,-0.36787951) (1.25,-0.28650486) (1.5,-0.22313023) (1.75,-0.17377401) (2,-0.13533534) (2.25,-0.10539928) (2.5,-0.08208505) (2.75,-0.06392791) (3,-0.04978711) } dimensionless
