t.min = { 0 } dimensionless
t.max = { 3 } dimensionless
t.ct = { 13 } dimensionless
t.delta = { .25 } dimensionless
u__init = { 1 } dimensionless
t = { 0 .25 .5 .75 1 1.25 1.5 1.75 2 2.25 2.5 2.75 3 } dimensionless
u(t) = { (0,1) (.25,.77935791) (.5,.60739875) (.75,.47338102) (1,.36893324) (1.25,.28753104) (1.5,.22408959) (1.75,.174646) (2,.13611174) (2.25,.10607976) (2.5,.0826741) (2.75,.06443271) (3,.05021615) } dimensionless
uexact(t) = { (0,1) (.25,.77880078) (.5,.60653066) (.75,.47236655) (1,.36787944) (1.25,.2865048) (1.5,.22313016) (1.75,.17377394) (2,.13533528) (2.25,.10539922) (2.5,.082085) (2.75,.06392786) (3,.04978707) } dimensionless
u:t(t) = { (0,-1) (.25,-0.77935791) (.5,-0.60739875) (.75,-0.47338102) (1,-0.36893324) (1.25,-0.28753104) (1.5,-0.22408959) (1.75,-0.174646) (2,-0.13611174) (2.25,-0.10607976) (2.5,-0.0826741) (2.75,-0.06443271) (3,-0.05021615) } dimensionless
