t.min = { 0 } dimensionless
t.max = { 5 } dimensionless
t.ct = { 6 } dimensionless
t.delta = { 1 } dimensionless
x.min = { 0 } dimensionless
x.max = { 1 } dimensionless
x.ct = { 5 } dimensionless
x.delta = { .25 } dimensionless
t = { 0 1 2 3 4 5 } dimensionless
x = { 0 .25 .5 .75 1 } dimensionless
u(t,x) = { (0,0,0) (1,0,1) (2,0,4.0000001) (3,0,9.0000003) (4,0,16.00000072) (5,0,25.00000153) (0,.25,.25) (1,.25,1.25) (2,.25,4.2500001) (3,.25,9.2500003) (4,.25,16.25000077) (5,.25,25.25000159) (0,.5,.5) (1,.5,1.5) (2,.5,4.5000001) (3,.5,9.5000003) (4,.5,16.50000082) (5,.5,25.50000165) (0,.75,.75) (1,.75,1.75) (2,.75,4.7500001) (3,.75,9.7500004) (4,.75,16.75000087) (5,.75,25.75000171) (0,1,1) (1,1,2.0000001) (2,1,5.0000002) (3,1,10) (4,1,17.00000092) (5,1,26.00000178) } dimensionless
uexact(t,x) = { (0,0,0) (1,0,1) (2,0,4) (3,0,9) (4,0,16) (5,0,25) (0,.25,.25) (1,.25,1.25) (2,.25,4.25) (3,.25,9.25) (4,.25,16.25) (5,.25,25.25) (0,.5,.5) (1,.5,1.5) (2,.5,4.5) (3,.5,9.5) (4,.5,16.5) (5,.5,25.5) (0,.75,.75) (1,.75,1.75) (2,.75,4.75) (3,.75,9.75) (4,.75,16.75) (5,.75,25.75) (0,1,1) (1,1,2) (2,1,5) (3,1,10) (4,1,17) (5,1,26) } dimensionless
u:t(t,x) = { (0,0,0) (1,0,2) (2,0,4) (3,0,6) (4,0,8) (5,0,10) (0,.25,0) (1,.25,2) (2,.25,4) (3,.25,6) (4,.25,8) (5,.25,10) (0,.5,0) (1,.5,2) (2,.5,4) (3,.5,6) (4,.5,8) (5,.5,10) (0,.75,0) (1,.75,2) (2,.75,4) (3,.75,6) (4,.75,8) (5,.75,10) (0,1,0) (1,1,2) (2,1,4) (3,1,6) (4,1,8) (5,1,10) } dimensionless
