time.min = { 0 } second
time.max = { 10 } second
time.ct = { 21 } dimensionless
time.delta = { .5 } second
compartment = { 1 } dimensionless
k1 = { 1 } dimensionless
S1__init = { .015 } mol
S2__init = { 0 } mol
time = { 0 .5 1 1.5 2 2.5 3 3.5 4 4.5 5 5.5 6 6.5 7 7.5 8 8.5 9 9.5 10 } second
S1(time) = { (0,.015) (.5,.0091) (1,.00552) (1.5,.00335) (2,.00203) (2.5,.00123) (3,7.4681E-4) (3.5,4.5296E-4) (4,2.7474E-4) (4.5,1.6664E-4) (5,1.0107E-4) (5.5,6.1302E-5) (6,3.7182E-5) (6.5,2.2552E-5) (7,1.3678E-5) (7.5,8.2964E-6) (8,5.032E-6) (8.5,3.0521E-6) (9,1.8512E-6) (9.5,1.1228E-6) (10,6.8101E-7) } mol
S2(time) = { (0,0) (.5,.0059) (1,.00948) (1.5,.01165) (2,.01297) (2.5,.01377) (3,.01425) (3.5,.01455) (4,.01473) (4.5,.01483) (5,.0149) (5.5,.01494) (6,.01496) (6.5,.01498) (7,.01499) (7.5,.01499) (8,.01499) (8.5,.015) (9,.015) (9.5,.015) (10,.015) } mol
reaction1(time) = { (0,.015) (.5,.0091) (1,.00552) (1.5,.00335) (2,.00203) (2.5,.00123) (3,7.4681E-4) (3.5,4.5296E-4) (4,2.7474E-4) (4.5,1.6664E-4) (5,1.0107E-4) (5.5,6.1302E-5) (6,3.7182E-5) (6.5,2.2552E-5) (7,1.3678E-5) (7.5,8.2964E-6) (8,5.032E-6) (8.5,3.0521E-6) (9,1.8512E-6) (9.5,1.1228E-6) (10,6.8101E-7) } katal
S1:time(time) = { (0,-0.015) (.5,-0.0091) (1,-0.00552) (1.5,-0.00335) (2,-0.00203) (2.5,-0.00123) (3,-7.4681E-4) (3.5,-4.5296E-4) (4,-2.7474E-4) (4.5,-1.6664E-4) (5,-1.0107E-4) (5.5,-6.1302E-5) (6,-3.7182E-5) (6.5,-2.2552E-5) (7,-1.3678E-5) (7.5,-8.2964E-6) (8,-5.032E-6) (8.5,-3.0521E-6) (9,-1.8512E-6) (9.5,-1.1228E-6) (10,-6.8101E-7) } mol/second
S2:time(time) = { (0,.015) (.5,.0091) (1,.00552) (1.5,.00335) (2,.00203) (2.5,.00123) (3,7.4681E-4) (3.5,4.5296E-4) (4,2.7474E-4) (4.5,1.6664E-4) (5,1.0107E-4) (5.5,6.1302E-5) (6,3.7182E-5) (6.5,2.2552E-5) (7,1.3678E-5) (7.5,8.2964E-6) (8,5.032E-6) (8.5,3.0521E-6) (9,1.8512E-6) (9.5,1.1228E-6) (10,6.8101E-7) } mol/second
