time.min = { 0 } second
time.max = { 10 } second
time.ct = { 21 } dimensionless
time.delta = { .5 } second
compartment = { 1 } L
k1 = { 1.5 } dimensionless
p1 = { 1 } dimensionless
S2__init = { 0 } M
time = { 0 .5 1 1.5 2 2.5 3 3.5 4 4.5 5 5.5 6 6.5 7 7.5 8 8.5 9 9.5 10 } second
S1(time) = { (0,1.5) (.5,.70855) (1,.3347) (1.5,.1581) (2,.07468) (2.5,.03528) (3,.01666) (3.5,.00787) (4,.00372) (4.5,.00176) (5,8.2963E-4) (5.5,3.9189E-4) (6,1.8512E-4) (6.5,8.7443E-5) (7,4.1305E-5) (7.5,1.9512E-5) (8,9.217E-6) (8.5,4.3539E-6) (9,2.0566E-6) (9.5,9.715E-7) (10,4.589E-7) } M
S2(time) = { (0,0) (.5,1.5829) (1,2.3306) (1.5,2.6838) (2,2.8506) (2.5,2.9294) (3,2.9667) (3.5,2.9843) (4,2.9926) (4.5,2.9965) (5,2.9983) (5.5,2.9992) (6,2.9996) (6.5,2.9998) (7,2.9999) (7.5,3) (8,3) (8.5,3) (9,3) (9.5,3) (10,3) } M
reaction1(time) = { (0,2.25) (.5,1.0628) (1,.50204) (1.5,.23715) (2,.11202) (2.5,.05291) (3,.025) (3.5,.01181) (4,.00558) (4.5,.00263) (5,.00124) (5.5,5.8783E-4) (6,2.7767E-4) (6.5,1.3116E-4) (7,6.1958E-5) (7.5,2.9268E-5) (8,1.3825E-5) (8.5,6.5308E-6) (9,3.085E-6) (9.5,1.4572E-6) (10,6.8836E-7) } katal
S1:time(time) = { (0,-2.25) (.5,-1.0628) (1,-0.50204) (1.5,-0.23715) (2,-0.11202) (2.5,-0.05291) (3,-0.025) (3.5,-0.01181) (4,-0.00558) (4.5,-0.00263) (5,-0.00124) (5.5,-5.8783E-4) (6,-2.7767E-4) (6.5,-1.3116E-4) (7,-6.1958E-5) (7.5,-2.9268E-5) (8,-1.3825E-5) (8.5,-6.5308E-6) (9,-3.085E-6) (9.5,-1.4572E-6) (10,-6.8836E-7) } M/second
S2:time(time) = { (0,4.5) (.5,2.1256) (1,1.0041) (1.5,.4743) (2,.22404) (2.5,.10583) (3,.04999) (3.5,.02361) (4,.01115) (4.5,.00527) (5,.00249) (5.5,.00118) (6,5.5535E-4) (6.5,2.6233E-4) (7,1.2392E-4) (7.5,5.8535E-5) (8,2.7651E-5) (8.5,1.3062E-5) (9,6.1699E-6) (9.5,2.9145E-6) (10,1.3767E-6) } M/second
