time.min = { 0 } second
time.max = { 10 } second
time.ct = { 21 } dimensionless
time.delta = { .5 } second
C = { 1 } L
kf = { .9 } dimensionless
kr = { .075 } dimensionless
S1 = { 1 } M
S2__init = { 0 } M
time = { 0 .5 1 1.5 2 2.5 3 3.5 4 4.5 5 5.5 6 6.5 7 7.5 8 8.5 9 9.5 10 } second
S2(time) = { (0,0) (.5,.44167) (1,.86708) (1.5,1.2768) (2,1.6715) (2.5,2.0517) (3,2.4178) (3.5,2.7705) (4,3.1102) (4.5,3.4374) (5,3.7525) (5.5,4.0561) (6,4.3485) (6.5,4.6301) (7,4.9013) (7.5,5.1626) (8,5.4143) (8.5,5.6567) (9,5.8901) (9.5,6.115) (10,6.3316) } M
reaction1(time) = { (0,-0.9) (.5,-0.86687) (1,-0.83497) (1.5,-0.80424) (2,-0.77464) (2.5,-0.74613) (3,-0.71866) (3.5,-0.69221) (4,-0.66674) (4.5,-0.6422) (5,-0.61856) (5.5,-0.59579) (6,-0.57387) (6.5,-0.55274) (7,-0.5324) (7.5,-0.5128) (8,-0.49393) (8.5,-0.47575) (9,-0.45824) (9.5,-0.44137) (10,-0.42513) } katal
S2:time(time) = { (0,.9) (.5,.86687) (1,.83497) (1.5,.80424) (2,.77464) (2.5,.74613) (3,.71866) (3.5,.69221) (4,.66674) (4.5,.6422) (5,.61856) (5.5,.59579) (6,.57387) (6.5,.55274) (7,.5324) (7.5,.5128) (8,.49393) (8.5,.47575) (9,.45824) (9.5,.44137) (10,.42513) } M/second
